[1.0, 1.1037964392721733, 0.24806798190017276, 0.0],
[1.0, 0.2176844232106614, 0.5811180107484504, 0.0],
[1.0, 0.16540743765482668, 1.9085965016397262, 1.0],
[1.0, 0.7222889901940297, 0.22737383616916995, 0.0],
[1.0, 1.1703910864771296, 0.1549005412143012, 0.0],
[1.0, 1.2949819351338707, 1.5145547278603495, 1.0],
[1.0, 0.5119658971896441, 1.8069472279937366, 1.0],
[1.0, 0.5760392107828014, 1.2674215852068436, 1.0],
[1.0, 0.24116345378911652, 1.828705310743557, 1.0],
[1.0, 1.4855494694275677, 1.7497888098516432, 1.0],
[1.0, 1.9604373271964444, 0.5198144537829965, 0.0],
[1.0, 1.1742927844355058, 0.2419661162021478, 0.0],
[1.0, 1.5425332313349522, 1.503099502001348, 1.0],
[1.0, 0.49634725737966656, 0.7878315136749079, 0.0],
[1.0, 1.5805501969679854, 0.8673265383732709, 0.0],
[1.0, 0.07813215903998172, 0.2691627823942202, 0.0],
[1.0, 0.629955585810688, 1.6012125725329407, 1.0],
[1.0, 0.7039436075360308, 1.8332007933634062, 1.0],
[1.0, 1.6650162529590966, 0.7314647069824971, 0.0],
[1.0, 1.6129585728037028, 0.7016551307983789, 0.0],
[1.0, 0.8047137357353888, 1.0156056973555796, 1.0],
[1.0, 0.8388247130857511, 1.3886205776471416, 1.0],
[1.0, 1.4142475194365163, 0.9493852006103143, 0.0],
[1.0, 0.7313171249019843, 0.6795491712352386, 0.0],
[1.0, 1.3076641715701252, 1.5030116228883206, 1.0],
[1.0, 1.9071517519675285, 1.023233464797937, 1.0],
[1.0, 0.24785307723206706, 1.4088179054272765, 1.0],
[1.0, 1.8754831196635886, 1.5022794312755874, 1.0],
[1.0, 1.4998565091821083, 1.9159625674241538, 1.0],
[1.0, 0.5545849320781522, 1.0214490367643372, 1.0],
[1.0, 1.8036017387633825, 1.6127448291856832, 1.0],
[1.0, 1.5989425722880206, 0.6365540110494228, 0.0],
[1.0, 1.4989819481978754, 1.9071051574973221, 1.0],
[1.0, 0.22066668995418404, 0.9926164211801147, 0.0],
[1.0, 0.19633157426042702, 1.5761399382712953, 1.0],
[1.0, 0.5678704468347064, 1.17440703476774, 1.0],
[1.0, 1.2476802220575345, 0.4707079335576365, 0.0],
[1.0, 0.0065372427895367125, 0.5285590143454431, 0.0],
[1.0, 1.3040758708178748, 0.06428320953301725, 0.0],
[1.0, 0.6833869414698326, 1.3367079924264014, 1.0],
[1.0, 0.2090625141193183, 0.6927276074840023, 0.0],
[1.0, 0.22488646733012163, 0.5728001215595211, 0.0],
[1.0, 0.6044381121924078, 1.206377841623446, 1.0],
[1.0, 1.5857471076997738, 1.2483852013683616, 1.0],
[1.0, 0.28157636315692613, 0.4453188288575245, 0.0],
[1.0, 0.9582970840409348, 1.5466239890738818, 1.0],
[1.0, 0.823785366251611, 1.223718339113288, 1.0],
[1.0, 0.7928614982603424, 0.10723522458511181, 0.0],
[1.0, 1.304903361530558, 1.8024906484120387, 1.0],
[1.0, 0.344183306184042, 0.3304820240698152, 0.0],
[1.0, 0.7110764100938589, 1.876636530517221, 1.0],
[1.0, 0.05725113389065983, 0.8323511732118214, 0.0],
[1.0, 0.8851586745548965, 0.48251703837114324, 0.0],
[1.0, 0.08515448025450478, 0.15597599056404432, 0.0],
[1.0, 0.6101527896768355, 0.25489001122210864, 0.0],
[1.0, 0.4286954055507177, 1.2495330834050087, 1.0],
[1.0, 1.4959281914981721, 1.9105606640456283, 1.0],
[1.0, 1.8003204248980162, 1.1693290277563442, 1.0],
[1.0, 0.7958752567431255, 1.652777629839489, 1.0],
[1.0, 0.5475322361184132, 0.24085322194392544, 0.0],
[1.0, 1.02117004945503, 1.1830119795637193, 1.0],
[1.0, 0.024658255001090534, 1.166428455179922, 1.0],
[1.0, 1.1455954185921349, 1.7249900271604597, 1.0],
[1.0, 0.4210040059370226, 1.795563275279585, 1.0],
[1.0, 1.3127708087719308, 1.69891315534486, 1.0],
[1.0, 0.8848561017579042, 0.9098538761509642, 0.0],
[1.0, 0.708069079101469, 1.3228108702150472, 1.0],
[1.0, 1.4872407289049325, 1.3304086275831573, 1.0],
[1.0, 0.29809099239638726, 1.471039169671751, 1.0],
[1.0, 0.587797709101598, 0.2447593964213146, 0.0],
[1.0, 0.8738298927059038, 0.897753109847403, 0.0],
[1.0, 0.9526871030874258, 1.137815714900368, 1.0],
[1.0, 0.35258705576190263, 1.9249029469283552, 1.0],
[1.0, 1.770552891747367, 0.6862937115016228, 0.0],
[1.0, 0.005623917373874576, 1.4311569557271655, 1.0],
[1.0, 0.24624060179854657, 0.4242430907359127, 0.0],
[1.0, 0.7072846703359834, 0.24972789000674078, 0.0],
[1.0, 1.4338973505426733, 0.5930247779111171, 0.0],
[1.0, 1.001389572391158, 1.9511482807906908, 1.0],
[1.0, 1.7366930775290803, 0.6161534063592149, 0.0],
[1.0, 0.965052086849618, 0.215716456686452, 0.0],
[1.0, 0.026318025893645736, 0.649378114275827, 0.0],
[1.0, 1.023335601567693, 0.979313925218027, 0.0],
[1.0, 1.0384175280231551, 1.853203798007058, 1.0],
[1.0, 1.7649681758710367, 1.699218338645053, 1.0],
[1.0, 0.1303578982075746, 0.8950776194211338, 0.0],
[1.0, 1.0133043311595102, 1.0857276943526644, 1.0],
[1.0, 1.1582040446535273, 1.1047310354898627, 1.0],
[1.0, 1.996800683366534, 1.9584545365852455, 1.0],
[1.0, 0.5529455676383093, 0.6227149479505942, 0.0],
[1.0, 1.2177193730780653, 0.3178404548160183, 0.0],
[1.0, 0.22663939560864366, 1.6561027080667414, 1.0],
[1.0, 0.8037707078058187, 0.7743428877071272, 0.0],
[1.0, 0.3822657431680838, 0.18186354435211816, 0.0],
[1.0, 0.8036757755281396, 0.8265990512102197, 0.0],
[1.0, 0.5665197955663996, 0.6125009335355565, 0.0],
[1.0, 0.9673326714202237, 1.9793151422312043, 1.0],
[1.0, 0.8892168525191118, 0.7670818017620649, 0.0],
[1.0, 0.6581169824572619, 1.635500561357646, 1.0],
[1.0, 0.1334320769813948, 0.7933489208599855, 0.0],
